None
None
32923145
406144544
118442761
78184078
8520169
6366820
135974832
120763980
119996508
119127996
115465948
78525548
67124330
556808754
126437683
125106688
44020379
31048397
None
272460096
239840852
139311758
130374453
117811367
52711291
36538799
34294779
30068865
3665757
None
None
None
None
None
None
None
None
None
None
None
230161778
212183482
192412990
183589875
181457783
180303055
178802180
177719800
176547057
175853023
175555377
175208427
169354965
859403614
627047864
623654221
529738777
523963696
521250575
973808352
954148182
911178684
904712296
889318101
725820088
710156348
649783419
608303883
515780205
None
710147288
156545550
150704710
136523757
12476061
624390415
539274147
516886737
408491791
393425475
379811802
333069130
305234203
298988673
246078984
237061503
226228744
201446012
168267918
152908146
146282777
143662958
142910504
142362515
138733776
922665022
785998952
741156820
708729692
708725192
688094458
637451037
609426128
605080462
527099664
515040761
497127530
496101104
490838082
488660816
480739289
442773124
380175464
374701218
358385096
136001108
132915786
132010701
131945730
127851378
126437900
118776416
117968929
117960707
117336434
116782867
85609663
81894884
79751286
79002044
74550666
55363327
43833980
28641148
23367242
403963159
19560060
12004305
10441144
10435766
10412394
8738952
6139107
965742380
955168910
937949418
926511912
883047933
735915459
706714359
703121722
701201630
691013324
690997550
689620524
639500899
623600785
622998358
601751951
562816013
531201781
517128891
516110124
311475747
310938911
296997875
216149488
208629977
195600599
167233681
163738094
146410571
132860210
131640914
125571302
123878780
122111910
121182111
117527113
117314056
116004692
115460313
115301836
499288021
463284511
454929553
444443242
443653863
431318904
428056952
414791377
412235637
412128872
409374685
400150059
391570107
368049047
321370571
300541929
275382250
237699134
235074651
228063372
526087166
473960460
440714719
430214775
428271235
368877397
299382516
281104903
925750465
921159802
917943406
916121064
915708741
904445551
727944512
719475595
705868400
644185905
643633969
621768675
537507943
533343703
530925625
430209473
428693728
428265780
427468362
421620317
984798688
972119973
971486312
966278654
966244097
964709306
963691535
961808615
951031713
950906019
946604222
916310413
913627832
883756738
850066737
751614256
722694736
718332196
717863606
717742199
222784146
213112809
206661494
206409845
198871435
172933830
171269788
165086308
160627536
148951940
143004097
138299809
137476450
135657238
131946471
130970564
128020884
127717379
127501390
125207370
114859491
109904456
94294440
79737071
53138457
37117852
30983330
28589535
21818909
16295592
16085439
12025571
10437429
10040156
7700150
6052666
5477046
119991236
119612460
119059670
118225822
117812261
117338307
116560522
115857780
115550202
115410248
107909117
93866172
87087608
86913672
82512490
80613752
79899601
61794334
47481633
45542830
402191721
319789900
317645631
316422493
316212201
310404333
308464922
245133673
234078622
233208035
228384454
227551540
226243488
223082707
222748679
199484622
192530397
178228744
177815553
150051155
143324225
143075470
141958791
139108258
139040439
136944958
133362170
130016435
129686563
125685255
120525795
118628819
117147233
116066291
116029517
115946166
114775643
80085488
78843516
77035812
403039082
393302550
366620946
312497623
312229083
311959605
308868679
298657699
294565579
76883088
75679041
66841316
62296081
59983977
59969398
48215634
47132201
45547619
35515049
19720829
18056271
7841118
589857236
518646549
464693742
460220343
451556926
432229144
421389908
419983065
411184257
406878763
403855681
402260522
383835607
339337760
331118744
43261048
39184622
37530206
35443988
28160458
25837103
19095810
18217380
15738186
14659932
11274922
10412951
10411870
10403405
10293473
6834386
5457872
5338077
5293473
5146613
781962976
467072531
261602767
255059998
245625946
230217999
172619112
167733238
165716651
156577333
144265413
139895782
131713743
125493045
125010566
119065507
80154308
968302669
627622238
627092441
625076009
548941089
524348373
521981615
521612174
432100390
192632262
185012609
184746953
184465578
184011485
184001390
182421270
None
972744712
942390424
939822503
917905020
698774519
674279244
673329739
570213861
465199902
451850911
393384556
315736940
None
952626949
923112038
911646508
749807708
714353152
711824293
709732452
703817556
689687495
678185572
678029516
662895589
636758219
634906880
629269936
620591997
609396744
605087439
596262591
581121160
243898973
238347717
227237125
143955412
131865639
126437133
116044481
31066411
704813446
642746794
639121869
627794545
612996551
589025231
557242268
537038031
504985254
496105808
495029602
436989844
359517037
353443922
332489301
314130441
302011566
274219608
261334680
242202456
624150749
623910555
511256675
487176405
484538281
461802972
432035082
431357724
427550245
386262698
348945109
342764607
333209133
306407907
295469599
286591753
257033198
251576030
241066028
233191222
435155349
307921313
296510138
261743292
252834849
168235717
168020864
156450936
153907488
149999231
633424154
611302881
425429203
171302802
142750672
138946265
134252464
39312340
19728340
19676552
19490840
18049501
16570269
14174696
8690990
8469126
8368794
7285770
5487982
4255310
737037145
722693637
679349592
621718762
619617742
614954123
614521643
587303305
569570776
533966926
None
230616087
216311621
215000022
197680539
196982150
196704362
187022953
181556905
180878636
180865944
180865014
178890383
178511055
174787951
146349516
143663130
143251444
140226884
140056490
135362366
579117938
573167030
571196461
566332653
554873329
550550149
550319790
543992260
532239409
528455693
528166628
526004867
519460365
498424648
468439214
438815238
434088117
428311312
421985032
417284250
652897995
648877315
634229815
633427477
602546401
582339255
420024451
329644284
246125795
241924888
204888628
201328819
187363843
160838082
160006499
152233707
143740405
143501420
134959802
129384021
919204362
915270371
890389664
760854751
719068008
714855128
710380842
705428747
695912500
695330656
681215142
679622289
676288589
673584626
672798620
661012719
660470753
659710510
657905856
651345902
410454493
395962489
394865423
392756689
376040563
368129105
366482486
365027884
339818246
331543825
322979031
317431654
315993329
315460767
308279310
274066364
268011830
266511986
265014845
245631427
118226176
117886228
115878224
115810769
104673212
71717753
36607822
35442845
32208439
28910995
8698851
5317191
965750187
929540805
914875903
906572991
865334662
858649321
808057248
705762149
696882564
676693210
670285954
618534584
617448533
599983424
594575558
594169574
578974018
559338013
551047194
544835137
3416451
626170466
621584285
613706163
608816545
608810789
602520294
567801530
552800006
533579225
533003075
530912145
523224564
522441220
521625196
520941771
520926924
517907091
511204947
443191312
435212513
231128062
219890980
219172484
209349724
206680187
191958855
180877280
180125217
177600703
173304904
172626045
159113755
148990794
144174862
138598113
131314789
129841673
119880573
116684748
115554191
229090261
220602016
194451693
187658188
177704951
173017110
162908969
161942409
159110855
157584653
156553439
154207291
144781512
144245156
143726001
143100161
143011752
138373950
136974845
135850784
423970192
115505690
115346551
79581989
72504786
71349571
65329042
31655460
24288855
18706728
16785213
15246836
14622305
14375659
11698595
11015572
10956552
10939958
10932103
8352156
7960080
135752720
135596383
133428191
129384878
126371381
126256105
124135191
123622550
120940049
120216072
117849503
117335398
116960965
116498737
116360840
115120295
114977071
107589718
106433230
99942059
921928236
757704543
684395688
574672122
563456399
528859868
504312791
499303251
431019921
405523737
342249692
335653933
329643882
315482495
304237921
242574554
237080222
234919528
230219202
230032516
720605097
715848510
713743041
702275474
653802399
507636986
503555730
482808338
468439950
436808120
436011832
427933135
413683788
396011956
362186148
359563854
358328827
356417171
339421482
320128368
544732315
544511364
540791160
539250115
539242488
527706528
526990804
520605474
513994313
506658817
499474916
477856561
440190831
431726560
426200861
425435085
424562625
417017423
412212396
399840201
992820629
992547461
991543330
989860059
989617339
988847234
988592669
988479499
988451079
987999664
987998699
978096539
970093190
941832746
938838153
912013506
878576912
893589816
711476137
711090243
697969196
657039824
649034034
639260958
633326613
630853634
627623375
623064744
618328135
616125022
614556779
613998769
597239269
582444056
582086762
555992991
543255040
97584473
96759788
95436679
93921532
93119433
92946041
91266120
89203408
88067921
86878166
82913874
82411587
79304875
78294114
77936219
77155646
72624336
72608542
72508073
71695900
307076993
277105353
275188154
273909684
265962374
265740051
245328170
233729520
221879623
205491977
200880822
193096642
188723223
181740163
181533960
157140105
971787174
968201218
966415803
919919949
917169689
916456835
914505206
905577855
739554200
723491605
710980626
702000256
701599628
652895416
632004387
629755087
619846684
616168958
610780923
608666093
225198335
223333667
222582285
216760075
215841661
207399326
204877853
199487256
188163740
180413633
177832811
175618895
174264613
171586923
167083613
164751884
164573006
144423091
143663875
133066727
71568874
69025936
68124428
64244141
54882789
46481052
46413158
37708733
36206191
31746977
30069458
26307086
23435227
21613838
968605828
121839546
121307780
119567169
118765901
117201682
116872640
115430642
105312640
85352358
76113234
52712072
50777188
46901272
37096715
34390071
33714134
21949339
21416381
18364091
17321906
587229916
582341443
563451014
544109543
535782689
507256026
506010059
491876616
426236509
419316511
401946918
380431585
368660168
366622900
346752394
342022672
337082035
334311022
330620520
329645227
912756586
866098138
671964985
515530171
470446416
401891849
346807035
321928782
320504795
303092612
273282164
270976838
223969398
221005879
212271020
204889890
197563684
185910940
172781346
168000437
324769434
314891717
312527068
312499858
284912891
277915684
260499630
241926760
240531418
239326916
225619817
216765533
209023241
204889072
191104487
190568674
185249828
183007702
179754255
179120087
719986110
713744117
711812632
710766945
709369701
654875928
624324834
598092589
526192698
458637219
431454618
386245885
360528299
316978272
310361229
298986954
225173155
213212631
207901902
207355506
162352959
159401476
159311772
139591999
131642634
131532628
125011483
124449621
117574152
116034096
102523214
205884122
205013822
203568346
198010590
190568134
190541644
181425206
180271773
604836531
484809775
344007298
323742305
313722741
305092891
243158346
241649563
241043078
236495060
232206886
229521939
219851915
219399560
198227551
185925253
180057749
177592201
176372382
172277340
936469479
922810767
743658130
725077184
700165677
694983237
596043526
574669992
559527878
559317079
532755793
527055572
524515359
520433331
489481538
487795176
451557341
433067667
407701098
176679474
164763187
162243455
155829695
147687904
142033791
142016949
139862412
129384526
129294983
62710971
46697858
38408998
20896686
18849186
119880728
116740092
115824047
83062394
60057835
30326454
405359969
314953457
238747285
215113267
204235604
193495892
189025808
187360996
182779391
179755363
171668662
171270827
170298530
168018969
167444638
167363185
167358813
167355436
167224038
167157921
171822995
170075818
167544185
164755507
148664658
144410112
143068514
139039635
128566348
128041059
127170955
127109057
121142954
115950992
538174094
522176262
468229922
442732169
437644931
434157011
413336710
396396987
388569372
386448123
380088346
349278796
292411241
274107495
261429047
252837086
244215843
240768335
236861281
234798616
399442070
399431474
391972594
376034069
340787512
324304954
322851654
318719695
316761411
310768999
306803576
306390533
306151454
306135585
303941760
303940335
303533545
300496176
290971048
283630330
707625570
706349764
698748818
563456668
532911509
524512825
523680951
484624397
436000266
430450169
428072475
425240281
424247095
416359997
378843883
313584272
302312886
296202891
275859181
233506784
715411913
714708452
714418627
706127222
701938526
698544924
689368720
685240753
683306717
667519655
659332269
654215439
654020169
648633337
641013487
635081400
634287486
631711346
623956014
616564122
227385943
214426629
199498101
199453736
716469213
642100938
629793398
591580079
589404753
529271947
528857533
476291204
447770344
415111979
337362057
330477878
321180689
314108078
313718743
312458507
307931314
306158152
303595381
303563631
253054138
248378045
615846494
611045113
604036070
602790668
599093644
598611511
598256641
592283508
588201147
587235638
587046865
580296226
573737199
571998511
571380784
556205517
536310897
531084357
527157078
526881559
915903355
737211939
733638224
733500424
720190111
696657183
676953422
663335352
663332343
657086072
656859840
648211368
646894714
636195393
624591952
601859685
600630502
576724063
486811106
478430003
875789119
867413134
811295251
766738263
766700267
724256647
723344461
715872691
708719636
669761759
648633519
618328316
580280921
571629817
482241680
459969878
449944267
441825489
437596890
422873833
232206333
188257461
181238686
179295598
175188113
170076143
142983861
128257070
526432780
524773052
513504454
509477057
508457366
502561212
498342183
493414375
487555523
483896370
482243537
479336745
479056543
471629224
467920607
465274579
465211931
458239974
458180761
451338896
302352628
297402076
260497876
245410450
233429484
232207396
230956266
228919000
227610974
227382795
227239111
225972897
224213248
217391033
180370284
179758429
177992147
177066070
175624326
167078712
588690535
521300477
408894520
408517912
313419756
303823974
301716391
267784465
229852950
215256753
170797806
141474965
140533949
139539436
132876400
132130057
131715000
125562846
124953087
119804806
955308643
625273211
595112024
424872086
415177816
414785229
379853324
377394529
364466027
342724879
410840490
406770661
403479145
390267078
385095818
379560353
376328425
365023133
330244996
319393428
317252665
302231975
272909921
247914691
243018171
241023814
240872861
239575452
165056162
164848921
164206883
161644031
161220797
161205934
161083183
119498768
118141381
118041013
116978593
116718769
115176250
914527830
867150239
719987116
709529807
696992778
669325961
652896427
613249377
612974430
582037510
535783579
532479296
488797954
None
461217281
450572865
447743819
443946769
441759652
440322481
439750208
437303076
436734923
432294571
431615977
430436933
429751982
429536033
426808564
425360474
425176605
424249102
422731428
422294478
419877485
55936570
146967359
139115946
138528801
135217026
131920889
129964588
121286288
119503701
119275495
119248350
118794919
116684717
85609050
46415959
35520456
28723706
23434873
22404960
21867642
21440563
None
20793830
20518512
20487261
19895258
19250536
17767046
17599952
14713193
10065832
7544709
54780222
49220184
12337754
919921314
891669960
881247434
870521865
635938637
633875469
599452990
575945242
528855180
465905968
456565595
455080565
445761628
444625296
438556232
433107803
426037520
383613741
365823219
346491019
386092548
264562399
264131956
125175382
116057479
115552967
105499568
47845309
39258469
37204098
34498352
33429940
27430764
26828079
26283427
25102445
24812867
23238842
22333766
21661784
944708369
916311391
888756106
590135794
380376518
377370663
21444921
20318450
20235407
20197617
20078954
19626386
19291166
18489793
18183018
18088832
17992658
17353446
16883382
12401597
10294664
10055726
10040233
8520065
8090767
7977498
582304292
433109561
982792877
935533421
918638945
709500121
707961457
697364564
612564769
610085275
557219643
554513536
533283732
530984380
523615854
431929900
422571261
392000286
325876550
305088436
302338193
301652421
974083512
718053049
708946973
708460541
702003959
532700298
517843474
432561603
427950368
420574882
417276699
414811778
414004687
413261889
384812766
378909741
303081961
186000919
176819505
119127834
7710736
7472580
7472566
7328097
873825844
615012502
445121007
409122193
392337611
377994995
315980417
303819531
235117966
233726553
227278605
219345112
194693890
194556976
193943673
192527609
185923788
184628648
184300131
181899535
181859849
181636500
181433570
139625544
138733520
138729159
126436010
124956707
119128162
118443448
115776028
107726179
100220980
83212695
78296931
65873276
47527949
38810483
38122351
37216394
32160786
16003976
7988182
7827291
5488013
3518476
967741822
944423072
932943511
885077101
978408964
966769576
968003643
335650750
330095946
330094853
325164763
319164567
318489131
313630955
305010156
303115252
301646416
298441483
295235252
288720800
284064818
272456905
256269221
251779866
248194022
245412924
244596844
969224420
965383093
951839093
941586580
937970572
922085014
906134885
883985536
835750405
751373363
734158850
692489133
672342890
661912068
624321295
623368546
594704193
575537326
504685832
488070304
694030790
689489185
664114428
652896147
648882993
631064193
618268621
597771635
586075722
564856599
542004650
517818179
496697234
472499032
472202447
425361135
424586995
422656985
403930818
383608515
700515260
700164376
699107751
644430443
626870264
626849554
618302326
618212302
613953836
595971561
570912500
549349934
520346024
471910524
454618116
437719578
437641131
426568439
422634064
415975938
415338600
412027975
410794659
409826514
382949256
376915442
351763600
346827059
316220080
309741994
294587845
278602394
272958697
241182570
240672455
237076555
235474980
233442348
230955835
227456254
225825903
224762765
219355130
213977529
213202379
212187431
195466486
188957147
183007493
182779038
179599768
179295124
178668271
720303363
606247885
576397882
670191090
312165400
243353583
239578711
238566000
193120510
177997727
174449032
174264092
174263905
173879685
168803425
166979647
166692221
166087152
165949809
164672603
164225615
163029377
162244712
161494305
160838609
157604060
155946918
154207793
151674980
616167770
433365731
390853750
389250543
387861713
365029658
335645729
282743600
282714064
271728612
227442335
191544193
175982728
173892316
172740427
172600794
171278124
170632576
167869717
164645418
942521241
730422982
620596212
450084986
429032579
413943078
358330334
351562849
316160336
312179192
297351798
272920820
237940003
235612169
225598812
222525493
214820232
195267219
177879492
177718686
150912859
115235871
71396051
8716126
150442698
149017668
148197313
147523074
143737380
143660172
143179011
141458354
141189124
140205396
139116167
139022418
138792974
133428966
132355724
132089535
131556636
131444056
131316466
126818269
513035242
502995743
318124860
273919089
373589356
370009216
527931012
517825299
516870243
515055616
512858296
509189675
504941694
471246654
461877881
453467249
434486253
430343281
425880145
420002675
405965248
398176970
395300738
388568521
384068331
363368860
708774048
489177559
424521957
246129213
214439453
181055555
171419215
520611155
436943234
187362923
152661415
149225772
140377269
137302835
135647892
131838953
131590032
116740593
117480888
116313805
108259239
80797287
71202102
42320853
36259219
34502940
22327985
20811558
18262821
17116345
16685261
13022091
12414976
11235522
10617672
8829822
8493295
8440026
974610170
974083937
973810647
969112790
960025163
946874048
946267980
921015888
916451778
916310802
912015986
911330750
904710664
895820208
885846778
883442161
876344311
750756868
748965761
746030596
981473828
978043834
976782024
969063094
969032934
962309237
959982972
959729091
918980208
916938829
916802232
916761036
916453304
912482921
910433615
907302113
906017659
734026189
723010354
720765240
337721131
330688800
320238600
311928397
311879629
308325000
306873363
306812909
304610991
303090736
302797454
300448919
297779345
256868571
241823067
240528482
237012906
229579125
222524760
220330924
17174945
3496350
218810344
210878681
197691115
189028159
175837792
172625267
171242842
988335021
978406868
977029828
965378918
957935755
953341580
922539250
908385046
901064739
888292020
879543387
866925026
780507917
726704460
721074872
708698008
707927280
703584298
698541315
662439879
8353609
8240407
7699267
7405614
7392648
7392171
7237223
6043626
5804948
5775897
145136514
121877424
118776642
116837085
115822661
115176754
115074622
114820550
100221776
98753229
89676391
61628978
56312311
54374422
51298561
50545213
34462497
20251064
19287869
12369344
719634871
717151818
715860945
715354391
714976603
709891169
709836468
707958187
691321800
689624740
689081760
644876530
625602003
625374500
624774738
623836986
622951712
618529979
615616527
614485578
10930248
5630326
641925070
626186441
624862017
624532663
619885022
618005577
614980319
614959896
609407722
608689450
606554108
601363760
599841174
599336447
592338501
590981489
582759927
579136521
578971171
556761213
973357385
972743936
713755650
613001711
612434370
609468727
604168223
597221224
575767220
541508091
537539808
536728331
534071146
531065629
530676923
528203809
526384137
525325501
524300547
524239480
521267545
518325197
518240977
988225085
974080545
973446052
947385545
939400405
925570548
914648753
905924472
904711709
895372653
884992653
865852459
750188128
724257906
718946629
714708556
699147547
690301590
689484993
685897466
983770679
978561951
977028530
976540916
973955033
968904001
951146900
943434827
936873785
934527234
920406818
916122500
909197629
905399212
905388152
902508917
900491302
895818312
890241473
771644161
516829475
513391454
511473379
509127797
503644849
480998039
463826378
449189989
447788195
440254136
428074583
427331021
423438869
422658245
421935049
421923782
420807248
420647667
420009645
419275783
734652658
684396123
746614896
738740554
733560148
715619093
714441146
714015360
711260921
705132684
703578975
702027332
701227640
698748378
673330121
643717060
640447236
622493485
620027070
616333545
602197656
588155214
585406592
559901706
550836712
536254808
534972569
529109055
509559982
509551355
505970715
498996149
497297993
496102228
492897709
490485301
488549450
488302408
478778900
478432536
476639377
476580593
979262610
973268705
971483975
963072385
956588887
952318505
917579454
911816317
906011429
901065461
894599633
883973879
877141425
876830469
876349525
876348761
875875089
873008161
869062069
865604858
743639401
739076746
732061834
719643218
714363990
712033243
711258850
703147396
689384537
685085335
680099169
671539169
668017963
665761061
659581732
657706709
655113355
639925496
634288031
623341760
966728912
935087370
716545039
716256852
700164627
672393843
647296549
635937327
633419341
632781096
604731487
593608674
552385834
515842115
501494072
478045305
450441483
438109272
437931399
436945466
732316299
720048719
708343067
702687295
702660217
701992136
690460225
628248268
622656935
618054509
614758385
610056443
607197263
606581225
604732356
599954620
598048192
596547725
596298454
419272007
409726054
408100252
408052040
406255159
405571194
403164498
399067318
390859599
378127091
336821568
304844548
303583230
296742613
294268178
293955904
292569675
278409740
232181398
224725938
665761822
632696644
621115604
612026193
611374081
608318042
596263172
595653132
594606673
592287064
577730168
566405853
565371500
565175237
562052895
561848194
560575194
557876253
542928534
539274486
857609907
806492642
752170874
744205685
743985787
741810698
739017529
736091538
735405826
735211298
732087377
731941661
731887143
731762272
727903138
727605599
723498129
722899423
715666757
710431747
623331724
616650762
612446663
607601015
599675203
598033945
592781093
557876879
557418561
549965872
546343774
542565770
540761670
536546218
532016805
529960079
526164267
525276068
524790960
522565075
708312589
704550195
704465436
698520052
697981711
696452943
695612692
692728473
689370780
683519974
678720596
678027399
677500304
676685946
673228891
669818297
667339590
663318477
658289142
656208569
533668527
527695253
527057939
523579877
521583534
516888623
516871897
507801950
504948790
502098821
495183268
493603329
491660552
489712091
487626613
482242731
481903762
463227250
460246441
452559621
593680248
587232734
562358823
556572144
554858786
544725766
542104971
540260687
539545847
538228251
536781311
536544048
536031972
532502602
530296597
529352933
523952990
504993880
501758366
501478034
654214267
653572868
651765892
651621069
650943522
650808902
650396352
648053431
644393845
644219804
644200522
643268797
640029755
640008569
639995066
638447795
637861643
635150918
633876016
630189789
554308712
553869465
553673485
552588747
552581922
547823085
543254043
542665839
537224250
532983733
530390757
530368233
530074392
530056702
527660389
511155231
510238183
509201726
507205443
506598060
240589050
125414330
497086358
496099211
495012042
492352028
492050356
491128188
486721843
486589383
484283801
479863595
479067113
472832061
463783361
461883092
458199206
454407679
450785416
445283926
441845634
440013182
627646596
627638190
627108859
624332304
624315891
623916047
623643909
623407222
623366614
623328067
621956021
620305738
620144962
619297778
617139188
616830352
616826501
611726348
610772350
609405479
450710017
449455076
442732718
442048353
436747794
434155727
430211789
427060655
421983478
413946447
408568038
403961614
392075013
386702782
382993063
382417010
381558433
379810027
367167461
361923203
983084182
973542495
910373394
908219206
904676109
893813573
863867345
857667840
833698013
777371626
773980960
771360757
767972091
761017145
752955008
746611488
730666730
727094083
727091059
718767117
777395055
734355793
705766220
620344474
616799183
609682837
609028402
601238669
597784292
585343199
538602176
524500136
521223028
520624066
519664120
506944658
506579523
499623648
480757425
478995210
434424902
434144720
434080987
433788243
433415587
431954614
425493172
420350225
418657242
418292639
415490679
412935546
411286543
405950900
404269903
401462563
398655602
398570983
398276795
395300348
715416416
714974885
707551551
697402461
694537493
693946884
692685581
684364280
682538482
676908968
657473965
656870256
624799121
618756812
618554460
618275723
606894715
604391737
600598081
599992049
475731487
475120197
465227087
465126869
461352370
452203441
452015053
440413481
438950050
429867931
423363708
421669664
420440386
420355577
414782573
401907222
392840578
380071824
366471352
363556264
358920497
352193436
346005336
345306405
343833140
337716705
326115064
325631812
322048438
321001317
319168444
307710180
296702021
278885106
272361319
265358203
265013752
265004070
261560884
259883561
388351898
388317934
385467908
376873792
375334860
374300017
371992207
371087984
370657482
360011461
355501952
353973541
353972887
353218212
347494157
347005136
342248299
330614730
330590168
329475051
636937269
635339415
623210636
621120927
610227045
588616901
587430798
549815722
546147808
539706319
525639908
520984435
502705788
495353618
488921623
486287302
470184442
464705644
462094814
442239704
271006000
259691150
257177552
239729736
237886779
235187343
228939402
228715359
227703337
204379422
179557438
168930288
161555937
160950711
160005023
158172548
149838795
145127788
137031734
136108898
354260751
337763451
331550245
331490405
330078644
330065501
329599613
327511769
425182713
423355068
419035948
417461397
417123225
413931645
411851068
409063381
408203870
400112749
399629526
399426819
398647776
392736404
389665962
382433290
376081717
374324075
373250906
369765782
497133395
496109562
492366450
488921909
488275785
486214047
486018762
484765498
483539927
482775279
480385557
479679230
479059139
475474267
475468128
467526246
466260248
453738686
451547630
450072727
465219851
455761247
452812164
451540577
446160858
444407946
443886058
442966436
441573572
441413149
441402753
441402189
441396499
439324044
437673737
436409351
436071745
433308465
427370221
426730420
436561250
429947182
428264835
424245580
399428407
395235474
389963966
387790692
385970241
381497211
370644667
369487934
366986650
355484827
345719379
345684061
343877376
339230780
339189181
334538054
596781065
588616093
583346006
582047635
575519072
571548618
559524713
559316746
559270536
558857914
558458191
556345682
550115226
550102818
549589074
546898360
542858374
541884993
536312841
535757729
449770656
449437202
448867469
446401001
444382645
441010634
440476418
436712400
435245794
434675227
434069782
432566445
431667246
430455683
430445630
427132082
426015705
425499658
423665246
422289320
424248187
423655669
420532064
416134542
414421759
413964410
409730192
408050441
406252582
405922263
405360815
404683721
396093973
395576032
395272322
393057766
388853431
386012094
371939233
369377893
363219782
360018928
345941256
345097418
342695755
337024909
336591442
336562582
334242602
332202164
327705278
325607928
323321174
323188155
316184854
314954934
313910249
313448762
310331369
309630252
961651285
946473011
943691215
921762059
891822326
881806029
721862282
716429287
710613836
703303207
701324071
694810029
680673806
676242177
672732496
659110148
642935012
640161922
640004778
604832260
532817119
530941230
529276825
529173782
526195492
523335819
521642556
518163730
516854422
516048928
515527164
510704868
508469330
507146004
504637290
498995118
496402112
495939566
495530176
491164261
368306386
341288576
341285761
336814573
330466992
325843003
324279272
321926880
313687104
313584536
311957314
311457279
307967364
302656816
293553269
293178557
292873366
285637969
280488113
259062505
309097347
307381040
304260517
303600115
302654315
301701578
299412962
297427617
297154284
295582929
292476479
292136069
291576837
291274966
289934915
284912843
284586968
283049529
278616959
278006397
595079270
591050795
470766123
446194060
238192067
236907137
234801401
229339434
229163356
229127070
228700634
228030911
225803116
225790198
221483566
220776981
216697270
215821939
215808228
214902972
210080294
209987731
209326437
208927890
619487834
595119614
582338572
571145154
564379459
552680892
544723773
527728100
514000913
496791060
479091104
477068422
476290130
473679468
466677309
451310149
444176556
424507277
423031866
419017882
970175345
965566299
718362914
706017688
625288822
531244150
530624791
526635777
526476688
524264287
522442705
521269297
520994946
519710196
518648196
516849324
512531686
512073953
510272174
506991477
274136854
273113597
270228773
264970299
264431214
263291807
262379688
259684597
259482196
254410910
253282983
252096393
251562236
250254463
249077676
242553821
241455659
240766031
239328460
238588807
129542174
127518970
120900039
119501023
119381274
119058095
419007810
417680875
415171048
415163208
400224669
400168554
400166503
376939544
375981335
375968166
370965526
370542968
364458887
350668017
346945491
338822842
337085189
332986408
330112144
328846880
502035161
498779581
449017378
436269940
430937529
427057506
424389565
424043510
420987464
409044062
404379765
403840633
395642257
394525898
340344158
317514050
314845790
306187523
299398271
293550004
982881381
982627551
981954220
976916166
974085036
966083706
960942832
955287728
949236348
946994284
938953186
936896694
929150162
923113131
913567631
901502024
899110207
891930088
886082821
842553106
485749753
484753942
482240794
479335109
478374741
476935698
474326416
473292377
470803442
470741347
470429462
469221313
463428005
457195585
455572053
455504747
451121335
451107386
450791791
450086677
961614228
725157731
713227695
710677697
702675002
641554077
538113330
513993241
495355519
480297529
430459846
422697444
422651219
421638460
416863048
415185095
412946476
408751778
402970882
359914469
328740333
326151824
324769730
324283607
324052594
323762643
321222417
317227680
310690651
307689930
304522110
304235772
299037795
297400363
291562362
283985848
275386725
275122816
274133858
271199410
227066086
223970129
220360450
203943961
194703011
186486728
183258738
183018250
181569957
179020151
177879673
176553127
154389464
141795248
140919959
140206751
137174064
136372163
129685250
121406477
976947044
920095984
917920143
903172317
902845864
833214095
717132343
715848717
715845808
715673061
713506920
713484903
707924504
694554161
620917588
619297295
618787243
616768903
616600722
616590062
840003257
839962912
836356691
752790442
752609260
751811114
739015171
727837792
724130175
722898653
715554977
711575653
699847844
697301573
676642709
660265885
657870878
647265559
644865934
644418493
358292378
346753299
340332636
326751150
326156375
320272116
318483663
311177108
309581846
307442117
297291276
270430515
262368363
256949470
254545440
244239979
244006847
242135303
241963213
236144092
271199038
268270298
261383390
260496385
257917514
252330815
251271253
241470401
239722434
237280792
232149094
616146037
616140014
616107340
616097402
614924330
614923717
614749877
614483674
973394350
970360478
964371781
962473180
955142881
948041568
930217626
924973038
919231940
918076232
916969189
906919771
869406112
812938772
717437356
707663351
706243899
705735458
704000002
693946458
763227471
752422401
714082908
713520020
709738174
704455168
702681045
698286406
695687855
695351898
676241696
672391178
638472449
637524104
637353476
626689538
623593773
617817079
615618936
611243348
928977835
916779616
893792532
718104746
670812022
663738630
623652928
554968662
529876393
469316874
429029969
428015038
404335033
380890268
379773128
373989909
370201098
329382976
313723225
279385452
230723477
230454796
228697504
225870874
224498886
219028291
215824734
197756937
183110383
180726736
180123830
179972022
177595475
177065428
176949869
176714125
176416623
176399716
175793809
175348249
633152323
621943326
621297254
617858522
616628915
596527675
586389773
581884261
572299770
568124290
560759716
550281759
534506598
517554876
474323961
451624722
450083607
447266273
437683897
434090388
987440445
921929412
865358559
643797482
627622833
622492192
616338863
551741651
533560214
522421917
518171906
515532205
512467917
507314813
505326889
503395585
500706620
426789145
423339359
422253909
422234524
422221797
421562453
610677726
605866257
571088443
526522515
525004509
524886652
522474935
522474478
522464143
521976751
521590888
504389175
503953788
503048432
496111783
446168041
431025796
430405861
424583054
420026117
973442675
963252794
956585700
922840967
922681527
171664133
170632864
168804466
164216823
163972800
155305857
154309446
144505367
144116095
143954919
142435200
141807373
141719367
140950939
140861611
140731222
139862715
139856922
139022286
138603125
419585087
415868126
413695399
403952831
395735044
371331516
366623877
359497635
340998638
337740311
327270655
323502708
321047165
311951890
311655135
302403389
299660054
294570160
250532138
248660712
419322145
415175849
413283089
410324936
397614689
392734114
387509143
368383439
303543015
301541174
298624926
273908291
252032970
250065096
249916716
248403926
248169748
247983848
247651442
246863485
958037965
955959151
911867512
897586303
893319484
886406378
882107914
871720574
864031617
681311361
681147144
672993608
432037254
430420152
428302359
428038019
423454246
422938300
422374332
415615957
413537841
410044377
405517212
402411359
401889898
397093907
390807941
373988734
372216868
370306222
369302657
363810669
137311297
137243230
136713422
135761085
135654407
135101332
135008041
134897196
134321255
134090799
133796497
133743832
133539745
133424921
132307095
130969790
130004005
129729717
129569013
129568604
120183573
119217262
119075931
118203021
117285388
81868709
80513933
55087906
50922888
50919863
50918747
20768687
20547956
20076269
18292822
234630426
230453064
215606715
215374163
185691330
181863391
177335159
174579345
174193050
165102139
162068848
162066781
155292007
152924635
146396282
145050476
143958434
143740367
143714609
143181351
361831783
358637393
357159445
347256742
338815536
331119882
329567290
320260428
318126459
317906983
313693767
311172424
308784640
307394707
307349509
307334259
306810513
301704124
300486765
295549384
142911283
141654249
140889139
138060325
134959538
125684894
123723771
116150170
113416053
102818974
99043586
92736304
90928512
89029301
83899273
76403630
72640458
70465731
65029892
62057534
246612487
246474312
246212236
518604251
515153923
512551331
508247405
507928249
505004546
498897582
495732669
492484036
484543689
480771629
476710530
471867707
461652817
452459073
447715971
445883884
442727147
440400378
439411669
320558739
316185048
315497618
314988734
309593267
307678743
304456630
304233820
302635066
301722613
300955431
299040885
298986333
297418251
296775025
295139506
281261251
275255648
271930034
262961362
260824099
242199843
240324376
236668368
235108832
233520910
233512554
229346429
225643158
224823428
224507857
224162102
221219407
211505750
205876004
203947726
195127824
189097547
188525489
187108014
185180502
184586725
183182297
181761080
181412100
180872803
180733740
180728446
180508456
179177697
179163146
178762488
178476244
174229984
174196761
173729714
173413848
172764057
172302020
169255585
432973388
430379088
422653019
422291212
421658491
421622474
420284927
415176645
413866172
413687600
410368657
409701347
405850101
405831536
405370320
402406325
401465039
401423418
401028140
397208254
270337796
264942598
252797541
250276717
241812107
240524915
235973380
230455501
221676078
219154328
214449766
194921612
191769494
191764057
186127003
183962009
158151503
154040337
149036294
919800879
918784315
912486235
844795511
729666312
725727798
720293844
719958495
718343934
718055699
716205585
716150773
711845943
710372617
701282482
694808790
677036036
626022695
622496361
619290587
977030929
971321162
716005468
693322804
682581959
670194385
641846133
633175170
628381627
624558348
588627090
523886995
520753924
491605586
487604667
465201479
463380430
431462472
429946409
422181071
617146468
616115240
610389581
607233209
601771236
599383612
594065282
589034928
587238014
551895580
539480548
538001462
533959695
529306774
527135123
521252119
516117383
515881021
515359981
515040226
401568485
390592920
383827918
379811418
378838678
377997870
377456869
374328090
371896802
371622243
371423365
370087898
370007365
369912759
368108364
366625705
360498963
359241011
358290564
347004095
508585476
506968085
490476221
483033189
451552246
440252641
433447706
428338321
426019755
420007607
417786834
415148630
414774522
413563950
407174807
402257191
401863720
395993385
395300603
393430901
345650150
341808552
341577008
341274527
340842606
340799733
339292312
339094791
338785400
338266081
337717670
335374189
320632219
309716867
307442658
304222854
302730952
293530277
291581932
290021093
286643697
284065912
275893432
267815822
265135687
264151868
263164029
262367626
260147462
260044850
258170407
257783311
257782068
257781984
256577817
245979189
244503520
240204076
238359334
235975084
234266675
233149245
230948788
230220614
228563265
226521634
222523186
222090114
221872002
220938290
219883960
211967567
211775308
206572781
203635010
201311943
197348691
197310208
191837130
190879087
383868253
372005098
335278603
333600357
325202620
323683102
316729322
316008568
307969052
306035767
305541443
301361281
259885637
239534526
235858907
230048882
225192105
223764590
219617810
218071101
214946269
192925419
191326453
187028454
184843688
181569294
178756704
177983376
177722759
175794866
175369324
174800214
174414263
174082423
165841225
164202520
162918749
160416737
158336799
156621614
