987031114
932926056
910450444
907268963
948724905
913194035
899950934
752463358
964035345
958633751
955179069
928439376
928309335
928110740
752559762
970500460
968848908
942730721
979561254
957724008
916794294
902386941
899781558
983545652
959412614
991603925
990594603
964911215
866197782
965928870
956579029
942687967
908395650
902323984
893516298
889866761
867348932
964191891
957449950
934352818
958028746
956141595
768685166
910449238
889976179
899342548
991240952
959413542
901596467
897156612
985511996
913957474
899345841
919682201
900491237
976745569
932788041
946881235
890741433
988603650
984832168
983158608
981736103
981253299
980493732
974527400
972606367
968765452
967753384
964533806
961778657
960951891
960131858
862827595
768215539
768011326
956180422
987041299
980798493
979427747
979269649
972534692
971146841
970203742
968893442
968086904
965617282
965024708
964727547
963565220
961644341
960152616
959870070
949575295
939694812
934251701
995099394
994663198
992714651
989413728
985524500
982876160
976429446
974536062
974220871
973035309
968200517
966978281
965224902
965194992
964985207
964863282
964545541
963436474
987576661
987038118
974467448
958209908
950811962
938436729
931987798
908862041
905183079
902805334
889825866
889289375
887323331
885526750
881947290
879635997
871448870
882446918
933921497
933649878
926591125
925642243
994891899
987682340
985861947
970820705
970210532
967607384
966271409
965892673
965200784
964710338
964342716
959856006
959718662
959111503
957450575
957301171
952942748
949407871
946745470
963077629
757071961
963072045
962776935
959742022
956135858
955587913
871181059
990344012
988888966
983032813
978186139
975007424
974865634
970775448
967743724
965201485
964874853
962442810
959750228
959371062
959110107
957320806
956836825
956178395
956174755
951833431
995097401
992713943
979064317
970204762
962468473
961372896
960762146
957590658
950045141
946900615
946871769
937802167
935891391
935652398
935227098
934947351
932915210
932324614
927293698
942716638
940082798
935887270
934724638
934532996
946348265
942589815
940970726
937412410
936034219
994396868
901329368
992945304
990210845
989999481
989420950
986909286
986907072
984611631
984498306
982239462
980902965
979071344
976656720
974885600
974884579
970072858
966925160
962921779
965923450
961955921
925556376
764517490
764516958
762014737
994390702
993076059
993070313
992262423
991785946
991587409
989975645
988921138
988697268
985860319
985285890
979543766
976771088
972319232
972215618
971930333
971730368
971669403
995456676
987860632
987057480
985847546
984938519
980799173
978272192
978080405
974468826
972084122
972063063
971845129
970971369
970488619
970070533
969076476
967885260
967754045
991901867
983216302
959110648
958789270
948026167
939083429
907743126
901555766
901553240
893170399
961486755
960104271
960006276
959743772
958028280
971043029
968619255
965401019
965030802
964825684
983099704
982427838
982425387
982418955
982402648
982356813
965399650
965369502
963590755
963433850
961761032
952981140
941445506
939652986
934190304
932684776
928782001
920119259
967374350
966481318
961410519
960392751
959700884
924857629
923582291
919200450
914883913
911782983
919955870
919951222
919950575
919950376
919950371
962764982
961956098
961930060
956126616
955580043
953339594
936587134
935457284
928341331
927242264
921074983
920566957
920247381
919956789
911769026
910114140
905115375
901364185
899622869
899620132
990330428
959557465
902129038
988237565
985201299
964862090
915410359
982636169
914350098
902392439
889296721
887474525
890687758
887030141
883339756
877509988
872425621
992252081
985862770
985066455
983449544
979302137
979261715
973796509
969354215
966478332
966277499
965402924
965371956
964865207
964662897
964049857
964041008
963117845
962953439
959989858
959279885
992263959
963070839
947400044
916107003
899862239
892903630
887781852
885709649
867722420
862146459
861950022
753103332
985157969
979562700
963587618
963435483
960946648
956819730
953940074
940192939
939069896
933375291
928996018
928234324
925928403
923378023
910402505
905857716
895987351
893814281
887694094
976770312
969501602
954763348
916773914
900954816
887029633
884454030
992269868
990815390
974885899
972691750
972225239
970383325
970222966
967966931
964515667
963404332
961788615
959274679
953635072
948149428
944333956
934630557
926377309
924600226
982037505
979263122
976364767
973455458
971674822
970915389
966132533
965084014
962201272
961986889
961006096
949274068
946018436
931016751
926615561
923541517
915058933
914512323
912315387
882494651
881404631
860315381
995018657
994888535
994888433
994795414
994773696
994763023
994522778
990921483
989886267
988050643
986756955
982517591
973846824
972091180
960349638
990558383
960259603
957032686
924940076
894624986
893337259
887459249
877603179
785940659
973679370
962133917
957300088
956723393
928192387
917450838
916316576
895784303
892273979
870681123
870041898
866346844
858662312
856208593
832878300
920444416
919528051
916920027
916305092
913541000
994254027
887609292
994119838
992048572
990826927
990545760
987973668
987904171
986493370
982781987
982439519
980338541
978745138
978192411
976580100
974442326
974074024
973839514
910444019
909707176
908720170
907127045
944994684
942473754
939070818
936774859
935998756
971245626
965036871
959370237
889819676
954735623
936579301
932916105
900531632
866771877
973016108
972687249
972582658
972329406
766922940
986666089
968504849
922035796
916774546
916508680
899344626
893642939
888456305
886769248
886392654
973022984
968890016
960150909
948027195
947633825
943955061
926361689
913136849
890925279
889029598
882444839
873856633
865096853
971364172
968760722
959109383
958285990
954710586
923893907
908433736
907669760
807290407
958635700
954173713
953054374
952856868
950215664
971138352
887269648
885027704
989714357
959834540
934272746
933965210
900493587
752786434
752463079
987576444
982514177
981518608
976933737
972574878
970962140
966977747
966491407
965047130
958209149
957160941
953342398
950801558
936866712
926591728
921667457
921204360
920714271
916465839
916283504
964703650
971737096
962682241
959424904
952753889
936141220
935458833
928233483
926963609
914530206
914202928
912688687
907915630
900808221
894457735
893814968
892394018
889041732
888455078
880763343
877143361
982867463
979542930
979057235
976771660
971994727
968204736
962660835
960395462
956567556
951030864
950740096
946412535
942573491
935627111
934545217
926618364
924600803
910443457
909898348
903807110
958646587
918584224
916919516
914692139
904659134
903333936
863589910
911552385
907688137
907150013
904280072
902398774
991793308
991662063
987986873
987744106
983913506
982041805
981349994
980909507
976905747
973250599
972873642
972865523
972220402
970493141
970074912
964855128
962619723
962465622
961657525
866355794
933920889
903856504
812192179
949668913
909851523
908196729
904671486
903565400
903332430
902394976
896890294
895794915
887889772
884197089
879349580
877501172
877501056
868181404
769665515
791612752
789589584
789588960
789576354
788777032
989498583
973143372
926361880
909669806
903571087
889009915
755500123
987724248
972083599
968464155
960901298
948047814
903329090
886286723
960902514
960365527
960283295
959596473
957874672
925844686
894574879
957458029
944591335
936148785
935458224
934738101
915613238
906070320
903328469
888303613
880260133
973402432
958630132
945766437
927749419
857287332
781929221
905606343
988149190
988063926
938357118
921326305
919825542
910451148
879666392
878873666
981330518
951404928
946367225
901037853
874913811
774136095
920412388
914894795
987604455
987048154
984954805
982744742
980655363
980561757
974454775
971768730
970821805
970323079
969616840
968608415
967871672
966492251
963094227
959856449
959240417
955273023
950440135
949429513
949408468
949401845
949376033
925710271
