994908297
992347212
981439710
979315814
979068351
969045112
967719873
966762735
994793511
971239702
994766742
994347899
994107280
994082675
994063519
993737617
992463410
991633892
990816000
990405667
989744711
988574585
987393061
986776356
993037392
992820123
988363627
985340294
984616894
982709952
981618772
979604443
974318902
974086615
973412895
970238541
969128151
966491704
965206190
976772838
963071755
941955337
934927764
934630612
926915030
919054235
916098507
915687564
914533471
886271514
876778667
873469110
995207061
994547018
994406540
994204667
994074498
992969498
992680912
992460833
989588949
988764101
988439298
987748009
987570622
987540956
985095366
994879926
994781772
994373664
988365799
983206694
980497837
979669500
979040638
978947393
976502336
974076258
971529720
969345630
967891408
967279754
966350259
966148910
958463508
956597436
955730580
952669595
951286322
949203117
948890315
948822758
985403463
985363599
985088576
983687210
983613455
983580726
983362725
982735992
982532200
995415693
992366522
991562922
990894625
990682283
989710324
981751115
976394286
972400948
957885578
948301495
919842755
994770888
992452219
990640499
989869824
988851370
986609273
986374089
983339199
979062971
979061376
976774729
974881373
971718138
981045975
979307328
978961250
978276106
974043939
973796021
990914965
986846021
965838774
962628570
941346363
929313424
927653756
926734613
924878578
924837970
918081528
909624498
896305409
889495431
887894249
883087996
880535187
879121823
878572010
969296480
965040491
961167573
958628989
957287770
956504517
956008621
953283627
994760642
989693407
987434428
980415019
974758771
968777745
948698956
939459717
937118756
936714444
936015761
934301888
928362054
924612129
874483584
872192818
869115340
862661690
862064048
857825028
854997690
853812077
851803855
850540239
914097112
901806307
898692284
889271027
965200320
950321221
948589426
946612852
937432180
921473608
893387233
886387702
884067883
859863797
854777257
991636890
990086433
980888047
932400153
894651057
894073005
888601065
884578644
883407577
882930328
878424924
877432082
874577644
865453134
837077910
836601526
836599412
829652493
994925331
992898302
992565039
990216313
989849064
983222658
983110694
980561638
974985557
973676697
972129801
968633640
967881979
955317875
950124810
848952901
833343591
830104071
820149345
808757698
985416441
971772869
950881824
826871814
826464143
823862426
820071617
816365033
948436260
946572987
946017425
943962678
943200233
941772117
941746208
941714997
941250227
940777198
957782219
928856061
990226379
973403778
973402838
973372686
973363571
946977484
914707785
889806620
829851845
801926488
752359497
935000304
912315909
887196279
773939869
770915754
842013545
777942222
753387746
973264011
919360134
886297954
881705443
868574931
845651189
831650116
847237644
774541860
764143830
781442673
995473690
897978693
995443409
994874229
994749541
994649517
994514993
992819415
992632367
992463198
991778919
990206510
990047211
989860220
989745253
989552602
988342893
985976830
985628754
984776102
984667854
983524489
983332028
982765525
994520696
994158800
987868368
984459133
983874647
983248036
981343339
979679320
979432250
978210981
972846812
972662370
968932529
963712266
957262856
955854828
955430396
953904042
835625076
788840378
763340654
761088107
942842139
942687177
938820726
932750384
931664294
930440546
925917944
924580754
966751519
966030812
965137092
952661838
988926153
925980562
994265407
992244201
990978410
982405506
960001261
950266158
923551719
981326853
968696900
930531155
917406616
845532832
771794212
939044833
926237091
891079111
874122642
849294182
986380069
958434157
834354823
793115170
923818366
917135612
885818953
870806144
847518618
831516979
762301347
878999788
981408843
947368007
931635304
925440035
923205529
905843134
899863046
895350081
893724221
893550956
878591942
878564931
875009668
873356223
867978932
866752176
865736760
922120675
864671308
837378986
836979589
829950891
829077914
828683686
822936629
986867192
938646560
857282754
851548466
835222323
818335896
810188313
781375760
914900216
865098728
882563806
863868084
858926464
857072016
855421602
844961737
836224454
977196131
887196254
850080532
957402186
812696606
874598113
868219767
850080811
816401175
918216011
923119518
792221607
839543766
995225691
991880585
984580476
984481288
983560542
983366943
982974530
973021151
969500711
962767788
949964124
943906177
942456474
936871966
934016823
933864589
932770971
927639409
947454847
973012165
928163271
888643582
961810449
928013676
905154700
848475245
