993870800
992709275
992621879
987623185
972306861
960749298
941846049
926703447
921775174
921320473
919374478
912722798
908574951
880771349
872367364
869715381
867143347
861263669
989528271
976503060
974474658
970074610
964368553
959258539
957028232
947945491
941597772
941366076
934548929
932339460
923600813
920991808
917502117
916926283
916122346
914337277
916731705
870806998
988824417
988722654
987578344
987446222
987186675
985621185
980572352
980461677
978757425
973798296
972240258
971482066
971229499
969233975
968374284
967728508
966942512
959689190
959080590
957912596
988259739
987180998
986902051
986488722
981023682
974133057
973590741
971941661
969792136
969506976
968344905
968031651
956475221
949947703
940735127
934187875
933941145
987507029
986888188
986459032
974644336
956589711
955989737
955903868
954991346
951279529
947760812
946393640
940662295
938312748
934529865
933382739
926974790
926962737
926248608
926247666
994109892
991665728
991654617
990550234
988463799
988255038
985856999
985640084
985075710
983795874
982641365
978174296
978114218
976795382
973957497
971243545
971241475
970919459
982657797
970073718
969389243
964838418
960749333
949530043
944556834
944475069
940402572
936048788
934059124
933673892
932702495
930613998
930245570
928207585
926854670
924506358
966262379
912496012
905118426
893801997
865989074
991573292
988251413
986424664
985622582
983326879
978332012
976644837
976399468
974875337
971098885
969789301
967129474
966983176
964034122
963650256
963603473
963570443
958383644
958012171
893611073
889473571
887751145
886384270
885866340
885521630
884242544
884214096
955585565
953806369
951552521
950642430
948566172
944414034
944340776
940866337
939056676
921937127
905608273
901815046
901058805
873241158
871437208
870768526
863747799
919535145
919107921
918920828
917274742
913189784
905678232
895164832
894579037
894277070
970412086
968203762
966765434
966581748
965743477
963584228
962128365
960880718
957484576
956513506
955879791
953518340
951840883
949815811
948593555
945372229
944709247
944207756
981568270
976763204
958803853
956001252
950890173
932701173
932319090
917573668
916600185
915586761
909694916
902813694
901596214
899975724
893162997
863705482
860519055
857441581
985603817
982049747
982049731
977013156
973594214
931855114
926175053
925516089
867839921
864164190
824376931
824261518
818570711
765389245
971098287
943361083
914719694
869510562
865573147
860627196
860454890
824579518
764896671
982049883
981761116
972197725
966895364
965053138
963887658
961515405
953375244
952500346
946721618
942801550
942397750
937922556
935750837
989626371
985765351
971953472
970205550
967489207
967070921
966434179
966262987
965215245
957605637
957326401
955610725
954734505
951025420
950763585
944357269
941609982
937687037
935904843
919358941
969573628
969333957
956833405
948715569
933159463
932784645
919694879
915589951
903596143
890376870
875382114
873150434
871101910
863899871
855988074
855361218
852703399
848640784
844419877
843317963
855149154
851581873
850923034
846040668
842624106
836841270
835678043
829382064
825636178
988132747
985834309
984551559
983092056
972904039
971938369
934621666
933753709
930103702
928430581
920819660
911404685
909200719
872895102
852920987
846566102
838515324
918927671
918888723
917244160
916470748
913772598
908180276
904634229
903131916
895146513
892242351
934625765
934544406
927401946
926368681
923264625
921382758
916893001
914502797
840733590
840102090
836841561
988600282
988379095
988363722
984604208
981354721
978417892
977037489
976428992
974625404
973809158
971935952
971679123
971295796
970464434
968231006
963071812
963047941
957464085
832910157
831176426
829256042
824078256
822105652
783753266
971549455
903122131
869505266
867049119
824053364
760705817
990690060
990236981
987291387
985426247
985182349
981305877
978199477
971232517
969539371
968023269
967761616
967589434
967277319
966912168
960926657
960445456
960006863
956568492
956288880
963119167
945506584
914153796
890823562
885685065
883911038
875223896
865831820
845349121
825620782
823568403
821310112
819622451
766025109
992828492
986463196
985203009
981538554
979629086
978211561
976897878
976526353
976505532
976356167
974884140
974591210
974591102
973775627
964295537
964186175
957141584
955860957
964088763
960244710
953895423
947915318
938959810
925885481
920622120
917777674
915595781
915230948
912070733
910078972
903594222
889289286
871838092
871206968
870271325
856833532
850486338
955148805
954835001
954050118
953813015
953411862
951966003
947928565
946916644
946244013
955031271
954611979
954456223
953201130
953069727
951536050
947370318
946515695
946337068
944864772
992822146
990569404
987988196
985764600
985288275
985073092
974854891
971531096
971227684
970928715
970776809
970397857
968349585
968009048
967084039
965266388
965028225
985224547
916255455
906153765
897894911
871319619
865212435
838269875
824712234
823650284
785899182
782312062
757804254
931750278
926723872
925589947
925578137
922376168
915738810
912712820
898600833
897197257
896127192
955270656
952558399
941605713
940175740
939790474
934073840
932218803
987511993
984938949
984815908
983661909
983553578
978075207
964552807
964030609
963051255
960524308
959977976
958320715
956276577
955612072
953072945
944881677
933990194
928315528
925691383
994143275
990832957
989529431
988042607
987631727
983804314
983221115
981798983
978335968
978052756
976941504
976904003
972866369
972459677
971074877
968796814
965573175
965044173
964724963
994682192
994404107
991931755
990823553
990342733
989420769
986767727
986588352
985742086
985429188
984513629
983890538
982870458
980828785
980029270
979766639
978568002
976763758
976635838
995458961
993992502
992465738
992155384
991900628
990698418
989637970
989637940
989507589
988123469
987613178
987311338
987288288
984903191
984622137
983716314
981952828
974601085
974600450
974216585
974215487
973797964
972784387
970374066
969477777
969349581
968357803
961646231
961359354
958326363
957928447
957824932
957750481
957497525
956148935
981938645
979062103
978841737
978835726
978755106
978752619
973533311
988132043
987636947
974218918
972507859
970252509
967739288
966015257
964419778
963558020
960006610
959714350
959547714
959084320
958663195
958498375
958352969
956041918
955266322
955138210
991888706
990831644
988443749
986631289
980350555
980347367
979637097
979431055
979097686
978954961
978641979
974592402
974255244
972587614
972207772
967583461
964520717
963237108
921991901
919958226
917913712
915051875
909725748
906639821
901513031
898299497
894933902
893957063
995242520
915393708
995044527
994533191
994417973
994231306
993871704
992688892
991791892
991561047
990803058
990332802
989421982
989416867
989413430
988330079
987995353
984866464
982921634
964068144
955883645
945892882
945626577
954055226
953903027
953884836
951551730
947121835
937488315
933370862
931985534
931839791
982633926
935891570
927426583
925845899
924584024
920586385
910135725
873567166
864267176
987966394
983221602
981299296
933753128
925327405
915056918
884726960
983895237
983547544
982727386
981778169
981772206
981653183
981631650
980551913
979633618
972729609
971341853
956110671
920268889
920263092
918148869
912536575
909651711
909212588
893426552
889851548
888159833
887189699
881253112
877480000
875345545
863742319
862526895
862235010
962964476
962477377
962125680
962124880
958466845
957016383
956442000
956001712
953903232
952809484
994229988
990909947
983339998
957333480
945803002
933378229
881827908
877047229
870053585
869014177
865206555
855784423
844687182
843934041
838251305
836031912
832546866
856613391
856488704
856408403
854405791
853352454
852922086
848263610
823397848
789748206
827336328
826561164
824199224
762552308
756045485
988141048
965978798
955271189
954296387
935987592
933866815
918449471
916458343
916121883
915783535
905855182
904472590
902328073
902101241
897693333
890832158
885994767
885857584
994070714
894402726
990243170
988817691
988013396
987509383
986543144
984948211
984717248
969919253
964804407
962308944
959728374
959408715
958938812
956700232
954284250
953368956
992407632
989766597
989413871
987215729
985295567
983566548
981020616
977023561
973971367
973161325
971203154
968793890
967774385
963416930
960405533
958354306
956587769
956034835
876666476
872541227
865989553
865987704
849680739
839837008
830546024
825902755
824007318
995465566
994919018
992591601
991743552
990689466
990012689
989862305
988821684
988474872
988224949
987156708
986759695
986759590
983548338
983339877
983321614
983009646
982033280
995180245
992253554
992090384
991566519
988711773
986735955
986336128
984933715
983704009
983293080
978821084
978614247
976621807
969540880
967922324
967287943
964526032
964115043
963118350
991752279
986615964
980828214
973676960
972001002
970067298
969519057
969229392
968607970
962347608
944062422
934927471
934174440
932081193
928972586
924839632
953954712
951950313
944764674
943234917
942442232
938330648
937940977
935670347
929109342
957279255
956611696
955613193
955139058
950781412
946227808
944753692
944597639
943459937
943324298
967269143
953498189
948437869
930934058
922075555
901103645
914336743
860009440
919983040
919540466
919382840
917250373
913637397
912500364
898276477
897446984
896686758
960750273
959409061
957778223
955854721
953923953
952081173
948343026
975090870
974724907
973390856
973125148
972628951
972216108
970962578
967346719
966792977
963990986
944257054
943960352
942317669
939998876
937651262
935184562
933975074
932696217
929427211
928417446
993708312
992959292
983780659
983015014
974912148
974247032
958048369
957160391
954032505
953871508
952106424
944304997
942457712
930023937
929519435
929090010
928512145
927818944
990552447
989630869
989413588
988227622
987878427
987591670
987320267
979043300
978634694
976955867
976954468
976929841
976789237
974335779
974106790
972856853
972631433
972131767
995181493
920256242
994276872
993716604
992811911
990250053
989736990
989629091
989420732
988550677
988225447
987599433
987071112
985627430
985294102
985037856
983140446
991767301
989414753
988444269
987347529
983009809
982664693
978849825
978115027
973946817
972237250
972001511
971669478
971102487
970943832
969729506
968772537
994775067
994684890
994428416
993979993
993832608
993074714
992353483
992348414
992252509
992142951
992055484
991915253
991912156
991891148
991166214
990914380
990806773
990697013
990108968
967010404
964743658
964188332
963131541
962307883
961798457
960102940
957902364
957606195
957448723
994228765
992826046
990691386
986914721
983701065
981759855
981242967
978442737
974194400
974045409
971952064
971764055
957605991
952932923
952216069
983130917
982429190
982049858
981962510
981766171
981423184
981031366
980674566
980452607
924960302
924720218
921319533
920410558
918895607
917615569
907881828
889869659
972120474
972120070
972117838
972117737
972096916
971522334
971407475
970466142
969954505
995455731
995321928
994149659
993965259
993905963
993811441
992251005
991777077
990690227
990444105
990329647
990107174
989871498
989744294
989620752
989403455
989345829
988464001
952117065
944865445
944331412
944324791
941732049
941237186
940985519
940174579
990016696
989864533
989861203
989766585
989616614
988692910
988616204
988352247
988164560
995367563
994250725
994065754
992158223
990840847
990690901
989426646
988557513
988494391
988461719
988223888
988021757
987597183
986474090
986415530
985621142
985384978
985308260
995359816
890390015
995294423
995192736
994631935
994311416
993713588
993074908
992836620
992563020
992433401
992362066
992244143
991770935
985927523
976929590
976510580
970821306
968046978
945301580
940619916
932232249
930664188
928318922
925068079
920605410
920525232
918448994
917826616
901701958
899401670
894588710
893192936
988207781
988068453
987440632
987350301
987074799
986503272
985737787
985200603
984996513
984718034
994893179
938430378
994776084
994641341
994388976
992297173
992135787
992012764
991884454
990925424
990906430
990556764
990015111
989964470
989877272
989506329
989437291
988919524
892214585
891088165
889976441
887177386
885282976
885282633
883842185
880496526
874700171
872629487
994666057
898102362
994148690
992825524
992443671
992201527
990241996
990230578
989734323
988836262
987854924
987468937
986642960
984836685
984696930
984517999
983790635
983700894
991578305
991573121
990833122
989506780
988832748
988819645
988480494
989724835
989613958
988805732
988591640
987861063
987787558
987453548
987419718
987158215
985841086
984945397
983314880
982565233
981778236
981758081
981546462
981409033
981342242
981326055
962631170
957866672
938969385
909477855
908844394
877606255
867924914
864864177
837665903
826552263
781614235
995365866
995220753
995186420
995072484
994800266
994518884
994399144
994258439
994098897
994081897
993707722
992808436
992686281
992680531
992347199
992269906
992133793
992021174
991911266
994746871
989516489
989502838
988894734
988588862
987335114
984476446
981550093
980538803
978809530
978089238
976765902
974524534
973405242
972711503
972336003
971796478
971106139
983322172
982521559
982046003
981966689
981343347
981322448
980798622
980425426
980319062
979674632
988573839
988555985
988356615
988238948
987332539
987317732
985603950
985533456
985402713
985400400
992272076
988235481
978375633
958933886
955415798
954867008
953216068
951948174
947624172
946976587
934178833
932300502
930340183
922345724
920481934
916443036
903824661
898518863
890225015
991862869
991576281
991572888
990918406
990892017
990714448
990694830
990694649
990680315
995376715
995365887
995069969
994933300
994933265
994932733
994683073
994675373
994567092
994394097
992936998
992828777
992476111
992159837
981296195
980965227
978826939
978577397
978187316
977180808
977176546
976626733
976508918
969934184
969090194
968060001
966380601
966137361
965761801
964173291
962929541
962323416
959864946
995199583
994953897
994919328
994785304
994783437
994536601
994518862
994389469
994293881
992253282
992025140
991890772
991555924
991534238
990906494
990705847
990686413
995058643
994644680
993954983
993835743
993731079
992976448
992690330
992353035
991921659
991876188
991549909
991548842
991537714
991474353
990899889
990679001
990583987
990474962
990422578
990242258
889634628
881973231
880544333
879493996
877054640
876588466
874672824
873552460
871632301
870906716
992682205
990356434
989509923
979297674
978960872
978841283
973375374
973202335
972350925
971867862
967081989
964569690
964357329
957650316
953871133
946585978
944451178
942205501
934994741
990326571
990072325
989702131
989633563
989423352
989388903
988924310
988817998
988815052
988448229
990104577
989633555
988839916
988809151
988705692
988360469
988016447
987872494
995436274
993812790
992938736
987450398
986921825
985175468
984744448
983239583
979432632
979067504
976749388
976382793
973495837
972454913
972339182
971373184
982995885
981044259
980669661
980442007
976766996
974472527
974113549
973645494
973526888
928790449
928281987
926159915
923884860
922646095
921393663
920757200
990219531
989920675
988127517
987075996
983662288
981009288
976386817
964032389
958179245
949811329
948858489
948322536
942239188
937168766
935161203
931835518
918616511
913558686
909795244
992820212
988602608
988015086
979658898
973776956
972344701
965027289
964194079
963897590
962790274
962339462
962319721
962122196
960910792
956959777
955995312
955987469
954055091
952399833
988695945
983665988
983180637
978924388
978746806
977078309
974581277
974329267
969096486
969046976
968908172
965209449
962918039
959537189
958791252
957328805
953489244
953059304
947394775
991920423
991912670
991087835
990825650
990710110
990710009
990319418
990252316
995542965
994661014
994418189
993171706
992682471
992370691
992350746
991879615
990799049
990687170
990687145
990430321
990108859
990095096
990075933
989596429
988665866
995178775
969493464
993945536
993054561
992851167
992697842
992581334
992578739
992336900
991869384
991784179
991670457
990819363
990615305
990548451
990457756
990376060
990359344
990337758
970636834
970101174
968494459
968050147
967261851
967261742
967261190
965455861
944888137
943701729
936127441
934688345
934198783
932474788
930113102
928425018
928097754
926255361
990094001
989728973
989632187
989523888
989504462
988747388
988239143
987969702
987447235
987436484
987419823
986413207
986412929
985410378
985163873
984834354
984606146
946327359
936487902
930630805
930327929
929526032
928317005
927313930
927286615
926588642
988482593
971096372
964171518
957992168
950926082
946512254
938064347
921603022
886623219
882992829
860371218
857070135
852248716
837312774
836078931
833859301
786172716
995353555
995209965
994894326
994521158
992598653
992457267
991909648
991482838
990771571
989998497
988034941
987755992
987752378
986924558
986898820
985197274
984818406
982885837
993965861
982761728
979167247
978833907
972960426
972345499
970210388
959366690
948303200
947627712
945494641
938437764
935668383
934845389
934181276
934105386
919697055
919374168
907142929
906286928
901514159
896253309
893947101
892359421
890381800
873465713
868209143
865078127
991682213
989989091
988126142
987727280
983788024
982529156
981030935
978644644
975002290
974603453
974081133
973958586
972221980
971380171
969653780
968498198
968488972
968355442
967588297
974044459
971954959
953771805
945544558
930053016
921403875
915402509
898001119
865877002
858296816
995456233
995231999
993959485
992449513
992449344
992354012
992143392
991660490
990697074
990683079
989884604
989526838
988703827
988478740
988458847
988367484
987931507
987448435
986511085
916121877
909200159
908440363
907114379
899653065
897743104
896980037
892703011
891060216
995352305
898280066
995351138
994887013
994742092
994230858
992359541
992250201
988487437
988456775
988355370
988118841
987186287
986926171
986668924
986668747
986654130
986532305
985309680
981667585
974322676
971225403
970633463
970217561
970073444
969911203
966076773
960143222
959704608
959704490
959238558
956724443
956584424
944881269
944378926
973301842
895624808
895356156
886885432
860186108
844799537
986393169
985534331
985221063
984850540
984849841
983298961
983117225
982683884
985509421
984608244
984607912
983892848
983622343
982908670
982044765
981761495
967444608
965910733
964528620
964013209
963881057
963711825
962668480
960252684
960018488
959858837
953063951
933656843
928505256
918071619
894615738
875789349
847000772
843471142
943862048
932435419
923883511
923883059
922985156
922201316
922201301
922064631
921941666
966083935
965917547
961815454
951428711
916128400
893217125
890383096
846914086
844833754
843797049
842451870
839611616
839598154
838893327
976517043
972961592
970214201
970074004
958951913
938703390
895791817
874921860
872784252
868741204
868222327
863861681
854742466
848655555
848514962
847786652
847460191
847422815
981560463
980808601
979426522
979334428
978080790
977186054
977173910
977056966
976637728
978440840
978424499
974527976
967912987
966468301
964172034
955861780
951203980
944865877
941343925
924628248
907686450
902856401
897934576
987551929
984821728
968833194
953221296
932435349
927747508
924699129
920249959
915623343
903291347
901115609
900728727
899532971
891386815
886128263
868215455
863590595
858977245
858944601
897207613
891323816
879083445
873465360
787498900
758048200
995439341
995360231
992586557
991919827
991913539
991508438
987175962
984688688
981558735
981553766
981341287
978569125
974857519
973552928
973414461
972853609
846076693
842589522
818633331
785826749
778101764
970099224
919846635
913619957
913580580
913336614
889762450
883975055
875130574
764750936
985612687
984927800
972701115
972252229
965556795
959560992
949512948
932215967
910662112
909185313
903023751
901057842
895801333
891664976
878736961
874814440
873715646
865472407
854149950
851821553
954837017
926401646
868215523
861122449
752629589
988463203
987743106
985301687
979093897
978441022
977058346
974755551
974416584
973793675
972458184
971778550
970363421
970121739
969958227
968051313
965956358
965914998
965028549
867047802
926461060
972463636
971065596
970080085
967750527
939832946
939627684
937595334
989667839
988480140
987591172
986902320
984961603
979663205
978961701
978332271
978196954
976570444
974891861
969791306
969618883
968028114
961811201
961646804
957138120
953676942
952794521
820700785
804930018
962126388
960775278
958893005
958041938
955599931
954052277
952650594
993647123
979165742
953061962
935039735
919801425
919041718
917509178
917429498
909199100
891986484
873558319
841516572
837531971
759683767
950618621
943700737
943166291
938351163
935669145
935549596
934294018
934099669
932430832
926010474
992622912
953774933
981946783
972958170
970483493
929508041
914329815
847053074
994744657
987169014
959552758
956284895
934551422
929135196
919817531
917737622
902840460
893934540
883699762
836501352
765718769
765714682
765087667
755668428
